680446590
691451179
477056938
685173554
688676166
690135707
689998727
685173554
685078010
690096885
646175893
687414434
689887545
687018070
650222803
692542376
692487452
680446590
689919684
602104688
688676166
691451179
692328443
690646564
689669651
576268711
692219562
692219387
639628681
685073196
686953633
602630093
689690038
692042132
691974863
684363580
682388548
677435312
633098254
689322306
689481745
691593415
685156976
683130794
685197248
654095710
632929680
688398373
665759841
645467372
692940769
690325375
675978612
693236137
681676222
670122504
667645870
693161224
690437347
693071296
693049044
693049261
693036924
690343555
651875854
